131862404.2500000000 0.00656587 0.88907633 0.10472520 -0.44557019
131862404.5000000000 0.00658141 0.88913705 0.10471556 -0.44545105
131862404.7500000000 0.00659694 0.88919776 0.10470592 -0.44533189
131862405.0000000000 0.00661248 0.88925845 0.10469628 -0.44521273
131862405.2500000000 0.00662801 0.88931912 0.10468664 -0.44509357
131862405.5000000000 0.00664355 0.88937977 0.10467699 -0.44497439
131862405.7500000000 0.00665910 0.88944041 0.10466735 -0.44485520
131862406.0000000000 0.00667464 0.88950104 0.10465770 -0.44473601
131862406.2500000000 0.00669019 0.88956164 0.10464805 -0.44461681
131862406.5000000000 0.00670574 0.88962223 0.10463840 -0.44449760
131862406.7500000000 0.00672129 0.88968281 0.10462875 -0.44437839
131862407.0000000000 0.00673685 0.88974336 0.10461910 -0.44425916
131862407.2500000000 0.00675240 0.88980391 0.10460944 -0.44413993
131862407.5000000000 0.00676796 0.88986443 0.10459978 -0.44402069
131862407.7500000000 0.00678352 0.88992494 0.10459013 -0.44390144
131862408.0000000000 0.00679909 0.88998543 0.10458047 -0.44378219